N Nodes      Vertices     Edges      Attemps         Operations      Time          Dominant Set
5            5            1          1               2               0.0000        (2, 3)
5            5            2          3               10              0.0010        ((0, 1), (2, 3))
5            5            5          6               22              0.0000        ((0, 1), (0, 2))
5            5            7          9               242             0.0000        ((0, 1), (3, 4))
6            6            1          1               2               0.0000        (2, 5)
6            6            3          1               2               0.0000        (0, 5)
6            6            7          9               246             0.0000        ((1, 5), (2, 3))
6            6            11         26              2922            0.0010        ((0, 2), (4, 5))
7            7            2          1               2               0.0000        (0, 5)
7            7            5          6               22              0.0010        ((0, 5), (1, 2))
7            7            10         21              2088            0.0010        ((0, 5), (2, 3))
7            7            15         122             22570           0.0060        ((0, 6), (2, 6), (3, 5))
8            8            3          7               838             0.0000        ((0, 5), (1, 6), (2, 3))
8            8            7          9               236             0.0000        ((0, 3), (1, 6))
8            8            14         92              16032           0.0050        ((0, 6), (2, 3), (5, 7))
8            8            21         235             45868           0.0151        ((0, 1), (1, 5), (2, 4))
9            9            4          5               36              0.0010        ((1, 8), (1, 6))
9            9            9          62              14136           0.0030        ((1, 6), (4, 7), (5, 8))
9            9            18         294             81540           0.0231        ((1, 2), (3, 5), (4, 7))
9            9            27         462             107960          0.0712        ((1, 8), (2, 4), (3, 5))
10           10           5          5               28              0.0000        (3, 8)
10           10           11         13              292             0.0000        ((2, 8), (3, 6))
10           10           22         1145            409698          0.1244        ((2, 5), (3, 4), (6, 9))
10           10           33         5000            1914708         2.7247        None
11           11           6          12              1064            0.0010        ((2, 6), (8, 10))
11           11           13         126             30360           0.0080        ((2, 6), (4, 9), (8, 10))
11           11           27         3368            1314824         1.1932        ((0, 4), (2, 8), (5, 10), (6, 9))
11           11           41         5000            1847116         2.8854        None
12           12           8          9               52              0.0010        ((2, 6), (3, 8))
12           12           16         179             42338           0.0130        ((2, 6), (4, 11), (8, 10))
12           12           33         5000            1913778         2.6535        None
12           12           49         5000            1774796         5.2575        None
13           13           9          25              3112            0.0010        ((2, 11), (8, 10))
13           13           19         1223            472756          0.1385        ((1, 8), (2, 4), (3, 12), (5, 10))
13           13           39         5000            1863560         2.6311        None
13           13           58         5000            1677752         7.3528        None
14           14           11         236             81598           0.0191        ((2, 6), (3, 13), (5, 8), (11, 12))
14           14           22         2196            924892          0.5309        ((0, 10), (2, 6), (3, 5), (4, 11))
14           14           45         5000            1812898         4.5663        None
14           14           68         5000            1554334         8.3654        None
15           15           13         563             245852          0.0602        ((2, 6), (5, 11), (8, 12), (13, 14))
15           15           26         3564            1507872         1.4912        ((0, 5), (2, 11), (6, 12), (8, 14))
15           15           52         5000            1744214         4.8449        None
15           15           78         5000            1409132         10.5344        None
16           16           15         985             456448          0.1134        ((1, 8), (3, 11), (6, 14), (10, 15))
16           16           30         5000            2046792         2.0330        None
16           16           60         5000            1654482         6.7124        None
16           16           90         5000            1212116         8.1889        None
17           17           17         3613            2083378         0.9052        ((1, 15), (2, 16), (3, 10), (4, 14), (7, 8))
17           17           34         5000            1906154         2.6965        None
17           17           68         5000            1552916         8.4866        None
17           17           102        5000            1021342         1.6318        None
18           18           19         5000            2779934         1.7952        None
18           18           38         5000            1871954         2.4917        None
18           18           76         5000            1440580         9.5244        None
18           18           114        5000            1005878         2.0001        None
19           19           21         5000            2671204         2.7887        None
19           19           42         5000            1838690         4.0801        None
19           19           85         5000            1296196         9.5364        None
19           19           128        5000            999820          2.5951        None
20           20           23         5000            2567230         2.3381        None
20           20           47         5000            1793910         4.2017        None
20           20           95         5000            1122260         5.1721        None
20           20           142        5000            995660          3.2081        None
21           21           26         5000            2375122         3.4640        None
21           21           52         5000            1744124         4.9613        None
21           21           105        5000            1014676         2.5923        None
21           21           157        5000            992102          3.6688        None
22           22           28         5000            2223298         3.2214        None
22           22           57         5000            1690472         6.0591        None
22           22           115        5000            1005114         2.8892        None
22           22           173        5000            988204          5.0698        None
23           23           31         5000            1954790         1.4942        None
23           23           63         5000            1618340         7.5382        None
23           23           126        5000            1000646         2.5499        None
23           23           189        5000            984450          5.8224        None
24           24           34         5000            1905200         2.7005        None
24           24           69         5000            1540258         8.9542        None
24           24           138        5000            997070          3.7329        None
24           24           207        5000            980720          6.0863        None
25           25           37         5000            1880314         2.4063        None
25           25           75         5000            1454204         10.2777        None
25           25           150        5000            993416          4.2649        None
25           25           225        5000            976934          7.4403        None
26           26           40         5000            1856806         3.7169        None
26           26           81         5000            1361870         10.3884        None
26           26           162        5000            990736          4.0906        None
26           26           243        5000            973106          8.0842        None
27           27           43         5000            1829816         3.3506        None
27           27           87         5000            1264842         10.0653        None
27           27           175        5000            987424          5.2464        None
27           27           263        5000            968932          10.3255        None
28           28           47         5000            1793500         4.2738        None
28           28           94         5000            1139858         5.8049        None
28           28           189        5000            984584          5.8767        None
28           28           283        5000            965732          12.0688        None
29           29           50         5000            1765332         5.6687        None
29           29           101        5000            1026142         1.7110        None
29           29           203        5000            981514          6.0299        None
29           29           304        5000            960910          12.6543        None
30           30           54         5000            1722724         5.5557        None
30           30           108        5000            1011150         2.6282        None
30           30           217        5000            978454          7.2373        None
30           30           326        5000            957068          15.0936        None
31           31           58         5000            1677966         7.4474        None
31           31           116        5000            1005342         2.9503        None
31           31           232        5000            975552          7.7080        None
31           31           348        5000            952362          17.6417        None
32           32           62         5000            1630918         7.1982        None
32           32           124        5000            1001492         2.4858        None
32           32           248        5000            972488          8.8861        None
32           32           372        5000            947942          20.0180        None
33           33           66         5000            1580588         8.1575        None
33           33           132        5000            998578          2.9886        None
33           33           264        5000            969098          10.2080        None
33           33           396        5000            942458          23.0598        None
34           34           70         5000            1527332         9.5377        None
34           34           140        5000            996152          3.8709        None
34           34           280        5000            965706          11.2607        None
34           34           420        5000            938496          24.5720        None
35           35           74         5000            1469036         10.4707        None
35           35           148        5000            994070          4.2740        None
35           35           297        5000            962240          12.9444        None
35           35           446        5000            932902          29.8926        None
36           36           78         5000            1409550         11.0666        None
36           36           157        5000            991754          3.9289        None
36           36           315        5000            959064          14.3166        None
36           36           472        5000            927820          31.9965        None
37           37           83         5000            1329406         10.3404        None
37           37           166        5000            989956          4.9493        None
37           37           333        5000            955084          16.1289        None
37           37           499        5000            922000          38.3157        None
38           38           87         5000            1263468         9.2794        None
38           38           175        5000            987682          5.2595        None
38           38           351        5000            951708          18.0050        None
38           38           527        5000            917058          40.0738        None
39           39           92         5000            1176714         7.5040        None
39           39           185        5000            985316          5.2613        None
39           39           370        5000            947672          19.2493        None
